%YAML:1.0
---
K1: !!opencv-matrix
   rows: 3
   cols: 3
   dt: d
   data: [ 412.22089065033134, 0., 348.47758074259116, 0.,
       412.58405940530082, 258.56941313066591, 0., 0., 1. ]
D1: !!opencv-matrix
   rows: 1
   cols: 5
   dt: d
   data: [ -0.40209233065994526, 0.20032353895368482,
       0.0018356569424108123, 1.2087561189671327e-05,
       -0.056851711838112037 ]
K2: !!opencv-matrix
   rows: 3
   cols: 3
   dt: d
   data: [ 419.60012260160602, 0., 337.26430910191266, 0.,
       419.93840683494318, 262.61188360106684, 0., 0., 1. ]
D2: !!opencv-matrix
   rows: 1
   cols: 5
   dt: d
   data: [ -0.40743666379364024, 0.20616147356173908,
       0.0012087317090793354, -0.0001396148284740016,
       -0.058875169429236096 ]
R: !!opencv-matrix
   rows: 3
   cols: 3
   dt: d
   data: [ 0.99991894254826574, -0.0088600006900235659,
       0.0091437804507140119, 0.0088598888654291968, 0.99996074902369991,
       5.2737588566074099e-05, -0.0091438888034753342,
       2.8279564811662848e-05, 0.99995819337501102 ]
T: !!opencv-matrix
   rows: 3
   cols: 1
   dt: d
   data: [ -0.060472935180133164, -0.00019420365599311811,
       0.0075118382088595129 ]
E: !!opencv-matrix
   rows: 3
   cols: 3
   dt: d
   data: [ -6.477827506995055e-05, -0.0075115488538708827,
       -0.00019459169322653426, 0.0069582715234895532,
       -6.4844743424062604e-05, 0.060539093610173206,
       -0.00034159557072263754, -0.060472282202913716,
       -1.4134411817856682e-06 ]
F: !!opencv-matrix
   rows: 3
   cols: 3
   dt: d
   data: [ -1.2125127489598437e-06, -0.00014047659868507187,
       0.035244033964577787, 0.0001301392549730792,
       -1.2117116220612852e-06, 0.42170037138801569,
       -0.036450079371729095, -0.42683708318178243, 1. ]
R1: !!opencv-matrix
   rows: 3
   cols: 3
   dt: d
   data: [ 0.9934429981655879, -0.0056090875612669318,
       -0.11419083821610901, 0.0056402368117036304, 0.99998409247244635,
       -5.0306715135553906e-05, 0.11418930389697383,
       -0.00059408651535365164, 0.99345883152586489 ]
R2: !!opencv-matrix
   rows: 3
   cols: 3
   dt: d
   data: [ 0.99236803277324481, 0.0031869050093433476,
       -0.12327015521293652, -0.0032205401144017221, 0.99999481133880386,
       -7.3599195259342709e-05, 0.12326928105222147,
       0.00047003396838500979, 0.9923731472671643 ]
P1: !!opencv-matrix
   rows: 3
   cols: 4
   dt: d
   data: [ 163.44152272252236, 0., 406.22395896911621, 0., 0.,
       163.44152272252236, 276.83843612670898, 0., 0., 0., 1., 0. ]
P2: !!opencv-matrix
   rows: 3
   cols: 4
   dt: d
   data: [ 163.44152272252236, 0., 406.22395896911621,
       -9.9598014878818564, 0., 163.44152272252236, 276.83843612670898,
       0., 0., 0., 1., 0. ]
Q: !!opencv-matrix
   rows: 4
   cols: 4
   dt: d
   data: [ 1., 0., 0., -406.22395896911621, 0., 1., 0.,
       -276.83843612670898, 0., 0., 0., 163.44152272252236, 0., 0.,
       16.410118507018691, 0. ]
